NUMPOLLIES 4

//STRAIGHT

-3.0  0.0 -300.0    0.0 100.0
-3.0  0.0 -3.0  0.0 0.0
3.0  0.0   -3.0  4.0 0.0
3.0  0.0 -300.0   4.0 100.0

//LEFT
-303.0  0.0 -294.0    0.0 0.0
-303.0  0.0 -300.0  4.0 0.0
-3.0  0.0   -300.0  4.0 100.0
-3.0  0.0 -294.0   0.0 100.0

//BACK
-303.0  0.0 -3.0    0.0 100.0
-303.0  0.0 -294.0  0.0 0.0
-297.0  0.0   -294.0  4.0 0.0
-297.0  0.0 -3.0   4.0 100.0

//RIGHT
-297.0  0.0 -3.0    0.0 0.0
-297.0  0.0 -9.0  4.0 0.0
-3.0  0.0   -9.0  4.0 100.0
-3.0  0.0 -3.0   0.0 100.0

